1.000000,0.317725,-0.017881,-0.296454,-0.193029,0.505183,-0.163329
0.317725,1.000000,-0.015740,-0.274809,-0.020512,0.430876,-0.152090
-0.017881,-0.015740,1.000000,0.720212,0.665117,0.108100,0.522648
-0.296454,-0.274809,0.720212,1.000000,0.787940,-0.270077,0.716581
-0.193029,-0.020512,0.665117,0.787940,1.000000,-0.093266,0.547859
0.505183,0.430876,0.108100,-0.270077,-0.093266,0.987654,-0.206972
-0.163329,-0.152090,0.522648,0.716581,0.547859,-0.206972,1.000000